$ANSIBLE_VAULT;1.1;AES256
37323039373034316563653136326336613362303763333433386637353762616134613538313261
6665643337383061666134343738386335366630366638660a333731393638663237653234343963
39313132373535653866613365346361613537353630663130373434613032343634613435613461
6263396534343532660a396363613061656166376130336265663631333139333434626536323062
34643063386539366566333637356532306232623934386162656361663266636230663962306561
35653231353063363161636632396236346462663463663732346166326635633931383237306364
35373964373838663661616538633237376662366564313532623861386433656431393366376565
32303631623333366139366330383139383534343166653439393036346438643066363736613831
36386334396131636261313238326330653263346233633734323065626263616338306461613732
63346639643936393435636365336439653863633437633239376332336463626431623432306636
37633364343264386362613630336637346262356139333163666139353836623161366634353735
64383064303934646238333632343766636230306232333738356632323832306434666631326663
39633264306264373062623930653864653531633739663834313937396464663238643463643465
31376338613335616262373563343237643865316163646566316362366362636338633430626164
39313864363839633139613264326364363531333337613835616635376466383061656166363338
37633163356135303830666464623561326332343030343230376639633037656331633535323138
64326439663162343234303337333839323633613465616532316665633366333037313536613335
37386231623738326366616665623038623564636165386437383735316330313365623837316135
30633038306636376235376264313664633765376565653434393930643565626233373463346163
64316661373031366366646563396136336563376133633462393539633630356437643339616161
37663531393266373331386361383437393062646537396662373762303861663539336437663934
36303639353333643739376531396363346634656366386637633362373936323830336363306563
37346563396431666161643134306631336162313166323134623238303632386134393739373963
66353837333833356366633666643363626466373034313437376631303336663731316432626139
33653766616633356634323239613366323064623263636165326665386433613963656565316662
34383432376236383464353162366433356239323935643234353538663962323238303636376431
61356136346632356361396264643938623234613663393837353665633565613639376430633165
36313435393133343461636635623962336635666430353233373136643161366337336333343761
30316562663934313534313137323135313130303463613630663338306434653033353737363631
33623534333864666239653237346666313165616366363033363332323634396636363732633166
64363032316331313565366234313266636433313037353939346263346663343831626135336233
64643630336161356363303534616334303732333966343937396666356536653037623532666162
65653461363635623734616365653330386264366165366162393562356630396534366431633130
31643337386462373462393432303934336534306561366565373065393130636133383566376134
63623262323733353066383533396661376337646637333537393235346164383562626434383435
38306638653061356339383330366363356631353333303530383733393830373730626538303331
65633035323334363434633430313266613063386632383862666161653362303162323261353838
62656334376263613230653231336437323232336165613231323464303161373965643064343532
386637636162326263373235666161336535
