$ANSIBLE_VAULT;1.1;AES256
39613164646338303962333863363830333636613666353439383766303737653761613433396262
3032633261643937626135653632333431623662326138370a373662353534613736333032343032
37366533363031363833393839356166353639363134323736613235333435326466306562353132
3662393361303463300a323864633565303030663961343830653262613132333863333061323739
39383638306165366161333638343261306438396262633564626130613162303161646136663038
30613333396466623461303232376466646166346664663933383735383932653366653265386335
66636231343930396536343431323837616236306462373836343332333063366436373433313437
66653135303634666635306630373964613363386635363036343530306131323462636536356463
62386637666435636539353231306566386633623365336237633632616430383632313663643763
66666665363161316531633331333638343061643964633533663563333337393634373537353332
36356531663664343964323030393866303561323030353937626565626638346433643238393032
35346636633333623130356230373232306165623766376266343531386330623637396162326166
37393134363236613263653539663732626163393262316463383039303634383266363865643435
61333239306630386334316239623265623730353835643336636462393637653230663535303435
36366261663633313331336134646637656339623362636333363639643862633939653034636232
31633830383436306461386331616536666264643839616536636636653539353362396262343362
63633739333037653766343739323738396332336537366432383363613639376663306463343838
32653764363836613633386130656535366161383935353965643635326631373464373533623236
31633535316162656264626664396430376631383636366134353461616662366435616631356663
65616264613238646561633666633236626336356232333664626264623565643034303565326666
36366161613535326238356234353934393032313939316530323032353036313839646364306233
37363332383833346430393064663734633034373435623730356439323834353666663632316262
36626463646663313433643563386535383031366237393064306338386461393539633861303964
31343564306532306134666261666461376337323337313663633961613931656535386233313035
33373332303135376539386232346331353161346330663665346166616630333564656465366437
35343033333330303131396265346639623766626131656264393764353734656134306262376561
37306666393839326430393038326534643731306132646336356633373765643836353865636336
37343838653861633235613037366362313938666339366136396335346334656531626431626533
62396638386138303734633335313561653964303564613537323066356638313936343861663033
35323463663366323063316438653135323366643631663433356232393737393130663232376265
66336462393936333863376362333563353938633237646166316565306531326464653238663464
34663030646566343931346164623866396638663565316230326161393334613564346138663661
30346138666132333630643566663730646635363464616639656333326534663033613133393535
62323964666561613366373430366434623162383361363662313439656232666430306539346663
36323535313635356665306561396263353535333634346166323462306134323661373963663739
61303463653137323438636361333633316637393365303930653135316465643666343432363530
36373766306538613831656131316564396165623061393665616431343662363337386238383638
30316563643637346134306366303538313136383361386663373539333761666566303866643733
66313163363437396464373263623738643936376533626464376535636339303339646532313164
37353262663636366466363162656364336139646438386238653939353335626535336262366364
34616231663031343936306637393435343039626631376564633830323564373866636430656630
32636133333935326161663262313362396332343130303238363432366334343663313938633562
39623639363034356264643761393662346237626432633831623666613666663836666534343861
66383538323064336339363932353465383665303365633432376439323035636162366663333864
37303836626434666537303938623334666533636432623064343266616530613461313837663238
33653931323661396137386436303437326434396331333861363339643164343933656161333765
36623661313334666536393365646666333031373235363139343630383931373033313966366135
61323939346563363466353636363461613630613161656233613663393830626238623063363737
66343764666238353962616364313334373730633864303565626536356164373462323736383831
35666566376563376236636662656166346263666662313139616331643531393661383037666635
36303563326365343238623563636630666661316131393262343131613732303761356664313233
30393265396132383864666564356563336238633538623230353038313735613431633232396235
30313463313739623038633165323266653536343835346536323163313435643136633530666530
32393063386465393765343934633139396536633161613833326661356337373935313232636538
32643065393966323161613138656330313138363731323265336537653830343437343331333164
65373336616162613532363939393463383664663565656438306439346537323666356566386337
6534
