$ANSIBLE_VAULT;1.1;AES256
38303331383937303935636136353534646364323463306166353538626334356661343336666431
3366343437336538636461626632373737663334656332330a363838393430636163323966313334
63626563633666373037666465343630356530303339323739623862373164333237346438323862
3663663564636663620a313835353133343932373062323666323236656536323037666335663366
39363830323330306333666566656538636235616563613130306363393262386436333331326131
64616337336463363630356138303336323236656362363462633532333830626366313163396136
33306639366339653234373639303465383235643030383135346636383930353461633865396431
31316565373064616634376635326464386637306539336533376134613131353836663763626466
38333663643763666136643361373865323335333265303063316538353033633163393761653334
32316532313634343332333133323239356638396232663735373166616662396266363737386333
65366466633662626264363936353036653833333964636430666634356161613438653863336464
39613434373437316532366231653733643965656232633631303431633661653336626239616230
66393364616232333964343033353236663062373033666532653339613561646264393035326537
33336266616262373238323633656234313232356431643463643135326535333731663434633935
62303035396239666332326263346231386661366365333937343434373962656438326231353566
39646332383638373963653161336538326561396665396431313639316664346139356664623665
34383433373530353864336535616238613832343132623036656237653462303031326561386339
61346539616161346161646363313461616266643630346262396137356465663762343133353636
36636332633732366362336433346162333666393634393662343830376431616237316630363338
39396462323766643335306232663134636635626239636337623438303738363137643864306166
32323937663835393738623561373333636132346564383136383034613730633833636465643234
64626134373065313133643135393165623339326461643935383836353961316261313332376339
63386164643336313238616237323361643739343931383530373535643431343765313138326138
65346162316366383961323238316336656537386539643536303666616336323239653763366534
37613032323331343332376334343939613365353932313461613334383262383936643736383365
38393862653764663064613737393733396366313834653137313439613339313438386532666363
32333436666261616231616639326138396339666138303035313663376637356165306232323361
32646534363239633563623237666165333236653763376335653161306561386434303361626530
31646562313731643432326362656439663662623731303432653466326263343135656537636335
36346163323636643132626465633662623035316331643737656339646434643161613265316435
35646163393234393161623631383761646232643633663033386637323463316466376237313733
36373435623762343933373634336331313633666330386562373164343833366333353664613136
63386430353064663738393234363731376531333564653163303963323165343536653631383936
35323462336163343963616236366236333234623765653662383735303530623030376339663435
36613639666535306562636337326531353239656665373763616338366631323765396235666664
61626534353264313738643437643561386666313562656431313730343861316535613330323437
37356139633635633866636135326636636432613537333031623163643661336664633737343233
38646138633732383063343561303866333931373832376631343738326638363565616163356239
66663531323837316133396264313463393662623266316263636533323163353534633238383739
33623562643431643931666631373963323535646337626337626433333535613535346639336465
38373566626433316635356666313462353931666338656234306561343133653939343339653266
33346637313537633661326336393839663931663031663466643232666537393939613130356432
63363665643431663962636532613163313631653534633035613765663465363132626337326631
30636535323437383731306236396338386537663866343734623331316234656565643764343932
36386234336236336161333266623565613735356363356138363033663261646230373735653530
30636238633933643039633739303439303237373137363130376463326365376162326239316339
30393266323133666237313635373865383337356533656466616339323434326531373133613664
63333862396336343036346461656264313930613538353163336437306531343966333065353761
33666462303739636235343938383232626338363135323539366361616263323931663666666433
38626262376464336433616463633434383232393838646239643836333463366338613637353961
65643664613730343730643936643864663939663636346166626161643063626331396434326233
63383766333132643364363262373533366162316134356236616666343630636331363837386563
33336239366665653164356234646261316434633335333138313466373635336538343264636433
32663735363965393534633633656338646136343732646464393632623936643266643064313361
66623838666537373235353130313233663366383436373062663664313762316133316630616430
35646634336136633538323030613461663937356166623431613235643431313062373439333032
37663633653763393537303339633835373561303835373031643337333738663136646232643431
33643730643336373535303763336664393864323238316338386435336666336639333734353266
64326337656336653931656438656535626530633862323136333736313433653334306461376463
33623135333337386665666162633732636361333263646539346335353931363164346334326530
61343164356635626664653539396339373834653234613336623839373838616338303632366632
32353863616262666432356131386565326533663465623232323064613432356438616566303637
32333865643330663762623437663035393932336434313862653061393264373231373231636562
33313037313663323238316436313730383932613533393537343430363666613665363038353735
32393135633235383864613764393932333734353738323736353434323365376166613434656166
63376132663161373336343363303161656265666464316335316431383931333366643465616539
66663366613436313162393034343262333235623636616535316532616334333762313063666336
66383465663932353465363238373430393066386434643865366639363231383361303164316563
38363165303232343136663431353435306333383262626563393133623063346138356332376238
39633364623937313866303039316630353362396133373966363163336636376631616632383135
62353264393563623935643639303737616139636634613330373963303765343636306561643331
63356631666637666132623062393534346531353231326539613832636634313334653366653331
36643239383139306332386363383530663264363263396532623964643336393061663965326438
65316666346636343566393231393366383662333635636134383866386537666436636161303262
34306565346165376432333966613039663165613530646233313261343764393231666135396534
65346132633362653564616535636234303233306330343561396431326537326362643834313831
39613834383233646261363930663665636431346139326365616162653236373839633263643235
34623064633062316363613865636264363334323331336636643565613562323939303632393433
32363631643261393764643639646261626265303763346332623534333261633035313931663433
66613430636532313539646133356366363836326237336237626532373433643462393132343535
36666136366137383662663432666333356566363030656231366433663661636636353430336632
33393937636361323735653165336134343432343234623832376339396331616230386631333165
35653536643339353537326266643838306136623663646339353235383561393835343861343035
32323636303063316137323035653331636663333234316439393533613236626133373338663231
37333963316337353636623138643065346333353362363634643332313261383137373035633638
31393764346330633937326632643433663439323862653561336133336339373239306637626234
31613839376536653965343138326136373339333636613939396439653264613731633266306531
36666337306138636566656363306231383538323430383533333239363539663765363365383737
66333530316239323231343766373662366136633431633666316137313163623335303636353362
36636537396636393734376231363766306166363639393131373136313333616333616536643261
63613339633461643939666434323333613531306461326636366263333436623437393534653561
62396536353931343566303233333064333664333637616131353861636236376365643531656437
36623035356165353462613531663834343331643665636339326636393432386339383864383566
65663031633931633537313338633964343162633063623338316631376334373734363336626239
36636535663235303064646136353337616161376665623931343537386337333365326330613661
33313930376235303932343464663332623862636234353033646334303932383636386562373364
30326561363563393938383334333634346636633537306335653738363333326132386636643636
33663961383063363639393633623863623038643931633930613239393431383264626533393431
31613163613164303666623838373236306337346665666433663162373663303739653438353538
35393538396537343436373232633531373833336238373834313739363936323562636635666231
37333839366633313131373239643734336162336232343933303037656461313261663237356134
65663462313930373333303030633162396132623237386566613061373466383138393663616265
38643433376334663239656432316639653664373666393463376533663466396230623638646538
64643934613434653562363230363163303364396162346432346161616539306632373934333031
33353838363035313630313233343363653764623639666332613836313064386166643532663234
63333533373132623266343661346337363465383034653064313335343431366666393330643666
32326137656430666135643063303531623932376532646530633738646330363934663762666236
61613539313161333738306434323163633435326235306237363433653463623862316239383632
31643065373033373136313533303135623237336439326261633234303231653862363534303238
62326136643931613064356137363933356438353963393335376365653233393432633731363263
37346463363063643037623537306663656362643239346636643539386136393262396430646335
37656264376263333535343262626531373563323736353732643366343834653964303763626236
31323866323437383630363238323731643362363063616361383534333439393066353536396631
32323931656130346133616530363231333034303066613532636161356565346564633838633965
37383663623637613631396361636136643234343133333639613536316330623736616163336666
34353333363832343334636538323662633261343838643136393162373937663066666362643062
33653032393464633166353831356338636135623139366638303634323763633033623761623039
38356337303939323362653566323839383431353939306663323433363132663561663036393531
34343166623164386130613366336134326333303538313362653363666137636566666631303464
64666265643738666230353734663330393838303634326137663535373037323337373065353134
38656232346461353166613963373535313631613564326266323237666364376161393834303836
31363836396365613134646461626236383761333664343766313534636334383430636539376163
62373231326331623833323534343832633830663434363933383163643766303834303338393132
35656430333865333863316435363736353736363263366465363762393062363064333237383438
61333437613765633733663464623265663231333365386434383731613564626133336462633037
63653130613538633533393064316132313136366130336134313636313063386439366137363663
64373161663535383234363537613362353365616462323361306639303862393766613736643666
62616632653361306635373166393164636434383465643730303432343764623830313666343965
62333933393138646532366165326465613834316564353862383262623661393532386232316637
34383633616366313731613662363932636161386337313362353335353864306164623761626634
63336137616436323738323734666633396566376134346431666466653231643236376562393665
34633333336132336336323763323834666332386163623739663839383730373131633230643530
65653536383133343133356536353964396331353835626662313063343064306538356233626233
61393232376233393763323137353264663062386163393634316231346565393962613839353031
34643731623131633035613435626531666633336136643864666161316431653534646633393562
38646637623731396561313761666665636562663435323138383730363236613130313264353866
36643835326230396136646633613031383337313933363138656463376264623835323830363061
30326134646265373965666565313664326331616335646630663638616361336338613335666536
39643263323662653937383033623964626631396366623739396462643839393665663462333732
64393163636439393362656162643039613337383365343131373331313334303662313636316235
64356437353537353864633335373031383631653665313963613566666335663736623834363762
35323334366135643334643863373363363663306635616163363362613331666232623436653062
62653631646464643633636139626531353835306135666362633561653864323530656537613263
62643037616632346134613235643732376165393966656263333066326330316435313665353130
63376265646136323562366435303065663831306636646531653465613037666538663834363736
65393362653462366564306239623738663462663633306366613566333432356334363238333638
30313035356130393664623265306562353632383061333961636530633733616433393266333933
34366465616131316662636137636566623637656631616139633261346234663661326464633962
38303837386138643765636138616266656338313832373162383735373264313965323364663737
62353366346433633031393063303031643032336631373334373462626536363732653233303837
66666666653564373333303231653436396132663431643164376233316165643264363263396636
32613138663266656239366632303961633565646531313836626433393032373465313163663235
32343537666564346238376438653037623431313364333632613333326634633864393938323465
61396563393761386664383838653464393238613461353164343137623936366165366533316663
63373738303366363931653061383632613733353432623463306332373730393263393866626639
37393866616265333131313064343437313966396663663838353162386661316234346138646637
62653833663966333533356338643063353737393934346436363761373635336634303863343038
30353338303731396264316662633139336137373965616630363763613133363463646665333231
64636639393437633661383965643633326136653166663437393961383934613463306538373231
35613361666433353263363663646665353235383662663637623937643531393737306266386133
35323337336433303763306531643832346164313435663962346136653264613861653261613133
65323735353363346235626561313335393936386263323030336463633430343162656233646333
66376433613430333130326261653262353437393838663938363534316134663362636131613834
39383730633832393834343964666135383961613336353938376337353433663534616236663539
64616631373466356232396338643935333437336466626532623063386261316534643631616263
66653937353661383938366561323638396339383235616332343636343937626164396230613639
32363838356532653261386334386162336266636439363233396561653230623465356563336463
61646134646363376239336166616533633535373462396564633962633032613730316464346336
31353033313562633766303364613931336237623665633732326663616439653932376137376665
32306137343937336536363561306532663937653139316530643265316333313736376535323436
66643636373035363230306334653637396662383639386230623135343831653531333564383765
39313038666536353735313738323961323363313430623563313031353234376662653635363537
66656339646533393330356263626633393238303065373130333736663162393136663765366434
30626466663237636366346335306535316632393033386132376338306237343331626336663666
38393332376233353637346666393866333530316432653932326261636139646431646566366236
36626265306261333639343233333531366334643835343734633737353739666639653266623238
63393633376137656232663761383265663930636539626164626234333635303164306466383536
38636461313638346536613164363131633065646366343161303366346564383864666532626531
393937323538666334323130366137323964
