$ANSIBLE_VAULT;1.1;AES256
63626133333430656337346662613133396633613035353339663665316136303331636139643836
3839376334343366343435626634663362356534313964390a386666346531633561333364303333
61303066643839636532396666356466373935613964663939353461336564613865653235346539
3132333632346532390a643463656562666236633534373066396337623239303930373565373834
63663963376536396164656636303765656264396338386365666639326333346134383065333065
31353732653662343832393434353837643235333966343136663830383239376637366165396431
36396632643838666430663762656162383238386666366238313439653034393430343866646131
32353139623834316538623737653032623334653737663437336436356437316436326139356363
35316334303461326362626430613136396130393032313864656564333734633363386662343936
35646531353164616139316531373766353534643665663430656564353637373836623537643934
64323637356266646138663039633065653838306664663661616439343265613562633833613865
63666531613933346130346534363938623035623539386362383133653133316631313530326365
66666630353762363565633264653762643161353731623934333730633466306536613439356237
63353664356336316438303733663966323162653832653332653839366539396437653131646539
34643966653235613332363333666530666331396633653331343365373736616662643239373064
36393664633035333965323034333163646138373234373763376661626432616433376335316562
39616335323561343736373662353432626331663037373538616664343838373630306638653438
33643531386366323166386435383637636631393932363763303366386134313030663065366434
65303661626437306336353535643563366235313438306565386665646631313530343766346333
37623566356330373233326434623536616464343735373938643361393939643263383238633839
66663131643930383133343137393030626539343232313739393733623331633463613562643634
35623164326464336665393962353532616264393631356236393531316434376436623030396339
37666134346431353239393032633138633762323166386430393439363233306332666266323664
31643632643162316463343431363938653366616436313636336631333163336466333463306532
38376365396535353730663465323132623136663033326266393633393331366565303463313433
34663963613436356163636333613662306232396236323063653565306539623437613239623063
32376266373832323265333730303939396165383965646135616237613137356461623738303339
64303661643430643736366539343637656631373764363139666231343161353833306536363435
31656261356431346465316237313334613965666137373930633461336362386433653631616230
39653736666234363533623964363631626435363865636263613966333038393961616237646366
32303361663536376661643432373761366364363232636130643064313665373966326363386335
35386537373334653531313431623237613835333566333835636239316537303834303338386236
63353833343163303663653735316335643635366332303461356434633834616636663937626636
32346631363538663563373736313666343562353939343230313765366561383335353339663666
36313935336365376164313736623139646339626664396537306234336365363864343538616531
37666639336332353537316166306166383039313630313238656337393435653865383766373934
36636634366663643264646564363233386230346131383532393765663530313137373165636662
66313536393930346534383030636134353964386435333030646366656564316638663836613236
62343333383838633436633633343335646163343963636364323639396239333633656565333735
31376661323939326565623563333363613230623762633635373735383162623539313961366335
30616462656238386565663730303035306262636430373933666464373166356636333931383466
38343731393739353737383337343163383437383466396331326636623230653966656532643734
37386666326337633931383436316466613161653138656534653833356162366666336131353437
63353333396534373333383031313839656632396131396365646462303433656664633961313735
66623236373366616362323032333330633365653466383266396564303533623337626564353137
33386135313233393266666531353436613936323532373965353633663065643836616239303665
61646264633630366632386530626430393466303636656261666637333439313132663232643533
63366233343464636463383466386232626366656534643963336339613365636462643737633833
37333935336266666264613535323764303030366566616439343637666364376434346237346163
35633464653336373738303632633231623932616131383635383363313736646536393063653837
36313264333138303162356237373737313836653464333539393535363066653137666631613035
38306635333937313133643762323938613565356361633335353531333865336434643436396264
32333239313563343965383530356461396136636363363636333735386534353066663935363833
66626330393738353633663866333433613334663339643164343563353461336234353436353133
35386138666336333734396665353437656261636134636335623132366437663664643736303462
36616230333763396232386637623665613430323932393561653930356337343634313132663938
39363563333561396365396139653437636436616464666537333234396162383234393731313963
31633265336662353032396630303638323738653964393330306236623438353934383438386637
39613234653339343031383863616362346537336139373136613562623539313263653639313532
37636365346266373361636134343064633737376237623330363433613539366361306138616531
64356464373531396132366131396464383237346132626437626432306163323161656362346437
35656636313330646165633262633166303531613363613532636465653830336561303836303837
35343961343433303236316131383864353834383834333431663432666664633165376538643132
36373633396134386463353666626437303831616635386435383466316461383762343666383131
39386239306466373638343564633963663231316538643836326234613461643334646435306431
33613865316563353965613935656666653432336134363734303434313132333661613162386531
36386634383066643832633234643162363761613739393037333530373739353439353333653663
32356166323833616365633833376633306232663463643463326534613364633738373037366138
31643634313065353466663763646666343661636637656135653661313137353832346632346263
39363161393136356637663234616534653164303338353565626137326461363966396665343462
37373539613736363633366639643537366433353864623963306263373263633234653361306539
62313938653531353139636332353561316436313931393837336564373765626136656462346532
37316165623931346234636166363530353034663864633536316663343365346236633932613432
33356333623735663432653639316131366266366132623835646637306461356638656663616435
31316664363737613064643063636535363933373338636432323062333566653132666634666136
65643766376564343763366663333464333331336531396234336134636536366365613130663565
32653134633661633466386439343165656534393864363635323966363834646565326465616366
63373766313664663037653066343932313265646563336261343666386435636232666538643463
30623136626236663932373039333935393566613330323836323338383566613336646266643866
64366465356462383532353435353436393936393462303232326435636535323863333965393331
65343538633637646166383638353561353065303539656536643163373761353765376266356461
39333261393039643635623533353065396162316638306161626166343366356537616438326336
38646561613934393638633532306231383632393735643634333430656361636237323364313035
62646162626538386435363866383561643639316630636436366265313363316134303133666330
35376532333130313037323433343263393136666236653463316266613034386234633165633431
31626632613965393466336539323738653535643737623531333461323534356138303431633665
66383834393561613732393931353338376362316138363837383337626439353631366235303432
34393533643164646635393366663663303763616434326266346631313432343662643534643934
33616237356564343130383937316362616639336563313337383138346564666666303033343539
63356261336538333062353630386331376331333264353662386330626239653763363537386234
37656230616535643432653631616431336266393537363235653663333639626563303062306566
65613133306132303633343633383764643230636438323136366235636537613263636330623335
63643238656430633932363562376531613330316363303532326433333861363161656635376662
35633936346266376634303439306232633337643963396164633838336537653263303434653065
34386435656365396638646336626564663163346130616631653561633130623836306430373161
38306639323231663332313465326639633631323066343061626130326130363936383864663664
30343861633232646231396366636634653862333861366262313539326133376437313365333265
64316334656664633338393162316230613738623031633763333662346166373936633962336435
38396661636132623439356231616137393531616633656537303763326434336438316332376266
62313435353338666466656532333635363236383563613334373035383438663033626239323739
36333938326131326438663636616137373138323132346430636531323730666633643935653234
62616330633638363233316639326133363163383261353335643039376231633035656633363565
65326335376633333166363136643762333533346161353639336537383035323931656164616233
33366364633061613134303136636239323366303031613232633337326439373433623931386537
66633339323930386663616639633031373531316563663736636562653030363463646466333535
31636462356466353736636264333038633536353765356338373233313139663431363232313239
31623133313131656634613039366130356233386336633031306430313866663239363262316530
35623834666330346338373036633133623036613535333862663531636161313730646230393366
35613962313431393130663633653839396534373363366363663436653038343132383039333862
32363038366430363338343965373731666537373538643232633461306566343433626537656438
38336366396165343266616137633236376539633763653432653636366539303537313461363832
37616334316137326331363262393637623037313631663039346665376264343034323433653963
30303038633066396436356436393433616232303866333564653661613462376236616564366537
32623538393933316230326638643137633962613565613233636565656337303732646461353765
37623335653931313563656666386138646266313765623439633334333233626365626331393333
33656335336339316636623537383266636466346635306437623963373536376433333636663362
34333139643035396438366561386561626638303861336334383435363165333937643130623263
35633266316162666337643032346136396365623364313531343334353263616262356233653732
63353133646339633935323363333231663231333936306263333566663166616639323662616261
37306432353935316235306533343337353839396464663537326530303262646336666465353537
39363962663065346333633163633666316462393936316236626562626361346465393637633465
65313837383835646531653433373938373639663163333632306464383139383838353530373338
35323461393937653137313164633566353433346537333634313638366532396261356138386433
34626161636436323639633866616231313536653063636638303264623239643136383266333331
3964
