$ANSIBLE_VAULT;1.1;AES256
31303035623933393462343134653036663366303564326463623265653132306630353632343932
3335363132333030373434393864633263646466656463640a393665376434643230356364396331
30376337396535366330643436343734396362393665633839386164666664383030313664396466
3962323664633237630a323438376138343538303930343538343064653430343039366364343430
33376563633263653137666634363037336636383533396534613036386135333463616465623436
36363332613166396138343238373834663735656462323538373463363134626661363261626434
38663863363563373465316137353139643432663164353734343163326635623633316138323566
39653131633966373061666137656264646433323162366432633063373566646530303462306231
31356639383337383866623538363638343162346436636663663365306431313939643662316264
33333435393165633138376466353966373335623439383731346238346239373139373137373030
32633738663166323039616666616332343234366265613939653730366662323135356638316537
38663434396630303466613062373961663465663739343363373434623533326161373266366236
39373065343235326339396635353235343963636365386532666362643131396462616664643233
66646137316630313739633137343762643035653532373262643265306139336465623839316663
61336635656535663636646265643332316539366635643762613830333838373539363838323036
62633138666266663966613631376436636661303137616232323636353362616661346163663331
37376136336338323339333832643235663266326363393564623765316630313065303464656431
61663638346439393538623436393331396437326165643732303063333639313430373435643634
34373732386139623339346331326133653138666430383461663834306335386635366566316635
62643239643936633639346164386338613432333534653339613663393438346433646465346333
31383566613934383165353162636434316464633265383536663631343234373934343437306461
32346364373837336435643666623131636361383333633331333137663535396332333533353732
37376365313633643937643839393531343264326537353639313035663939306361356631323462
61313732353735353562393664613962356436343031316264343662613234626436646534643461
34656633343933376561323661326530363434396637303736313064376434363036316538313937
39643963396538323763636130363334626236303138356336343665666330346335653435303639
34383662616338643837396138383766363535626437353932646666313363306162383035663265
32396533366136313663616433303130333233313164383762623236323631383734303231313865
35633834613531643733363863373734313064666637336466643535323839343039623032336432
33646139653034313064616235303061373361373231333165663234366566366232623031346164
38386236303332393463313439666662323631353132386131343932663665373633313665333538
34643261643738303764363432643965343532306139333835373839643233623733333062383930
33313037643738343962333139303063643165636436616564323037633733663764393732643435
35373363363030376538353436643866386638313432356466396133353738346632323833373435
35306538383637333566333138316364643034343638623637306166386564373830363137336536
30626130626135383331346633636366323232353133373133306633343535616237333462366164
31663066633437353565653837386464313830326335336233613330373865336331393637633164
64653564616137386366363535626665386162373738616162633663656666313039366262333138
61636434343632623265616165643639316134303862656666636130373732633839383064363064
32376531626563643030613836343063626232376331663333373436613163393165656464376139
32656564633364303933623862323337323963623636623232326333396463343866323536666632
33623266613036333332653539333637656530623230333132636366653065303333336462616230
31336132303665303665653762386566373230313832666638366361353833653036663135326332
30323637623630343639333437636637353133633965633564343133373664383436343262363063
32623836646235366131373933656532353932323432393466396264646631363939313362386665
61626431353266646561623062313365363466343936656334363439663239373038353532653932
35623036386634366664636236313166343834643030353266353966373630353866626634663935
39663161356635366233653932643263356433373139313333613932646331626132653865313835
33323164653132336461303435346135363335326439656563646564383664663735373633626430
61633563383739636232353864343562653063613230336632366633363461393839343638393032
32666562313130366561323535303430643531333735333433666661663261613366643833616332
38353831333130666437373836613035343734353438656235643565383832633831356161326538
33306535666461306333666438663261613537613830373634326433636137313330666530653734
34323261623132316365313166323264316235323032653739333736373833306631323638373262
38326463616364663265356439373361336561333734393639303865333034303266366638353435
33613132663161373434633231303761383837343466643730613034386137323565343737653363
37373632386639633633613864363835363131376364663531626533393933386464363439383033
65323131643064633232313065393637633166613430306632346231303439396364386638666338
35303237346166623534356137653132653432333638373238666135643665323465626234316538
37366531663361316661393636333661623637326530386365343237623333663636623232656462
32303533346437633732303638306135666265323233303937646337326330383830643962636634
39633530653239643262366435623639623931323736643133616136323330346162636537646631
65366362623930633366623837366331303566343266326265636235383935343636346465623532
62326339666637633561313034633862646265313836643639366337616663363033326265346334
62303432376536623863626434336533303833623038643766376335643538386132363939643963
30663534373430336230613363616361326331653362303331633266363131363866343365623737
31393937626264646363336338383831373664336666353636613262306366346463636636316666
61363562656537323564383262383033373537623062626661306664363562393634666530306165
33663538333436636339373131383265373038636634356332613065316431376430363935323732
35393765396535666630323036323263346433306266623539333838613162323231393561316261
65623930323664636631383566636337366634646638633562303739366438633837353436653765
37383564616166333764326631346662363330303735383266633336623136636564303763363566
61613431643566353330303836366264646332623863376162366136616239396334313934653466
32383132393761653363663262306363383935343962346465303438306230366266663636333163
31646238303839313935373533393962333737636361633838373734353130646535346434666231
65353137363063616663326138303237356537383034343535306661356331666562623537333633
64313736313037313163373335366531313130633236353964623737623732356634626362616162
30333864323533396636333266613437623166373330626366656532363965653932373430323964
35363732376562643535363362343532313763323136326139636437366633336461303963353233
62623830616637363961353666633061646335653966313463303433653033653864666634363331
33336538613437326539636531653364653138643235366364303366313039356638353830663636
38353165346564653831356364376435636534346165323336343765353031643235333333656233
65396138633836393335323964346230393366613165626665313436323234636430643838626564
65396438653630323938613463363166646438633532663436386133313438333664623239336233
63343439363437633836326235363666663761343062643461636663303135336166613032313135
66653034326236383634623336666662336462636236616134383762373739356635646665316234
61333864656463626662363039613063376431356232623137353535303239323539666639313333
32383663633865346235306561303264336661666432313264366563323538303938616538613765
39323139333339373865316132343964653962303064336230346361353161373562306438316466
30393234386164623831616439636234353231343532323138643166363039336463656539393164
36386463616334636138396136386134626330336266323330353738353733613935366131626264
31303162313761386539393730616562623063336637616137623361316638323366393339323562
64323033373663303236373032646537633535386538363537396635316365626364636233656561
32356437326437643031323734396632316137323235666330653836373131633932646539353361
30636431323633376438323731353363663236613366303061383565623463383264616331666563
31636537643236616136613863626265393964363438626261336665376339343064633434623162
65333166643435333865303835316530323735386561643063623838383766376135623262343263
65383233656365636335613236373437376239373937656262386531363764393766613738393036
32323863343535323364323130663830633437616537353531383430356562326339666564616531
64316331396362646134646666373062353163616266663561656435613637366363653937633133
65613935653735356137323665396665333662393930396630353032386635333636633434363130
39656564613132333537323037323031373538623430343339633336663231356162613434626431
35326635383835633531396139353266643230396263373864383337313732343564313862353430
65383065333963643233633631366362663132303235333965323966383230393135326331353036
64626631383533343036313831626338383637366334613762383464636637393431396331303936
63616565376562623565386433383838663864636466333430333636396265356161333866646337
31633734656338373735633263636632656565633934636363333232356662386465663361333137
34366333393365356266306265373633653262666332313839393132346134363130626636376462
35396235313063383463373736343163323639636135343839393537396238626135336165326634
65346237323232666666336334343731363861363032363135393137303335343861656633623536
39613166626338363364363937633461643338643137396630386436653638373231306532613332
38653433393663336166303338316232333830643230326532373639666230396130666532643033
34613936343338393430386337316335366633333339396133316363326134643366303038373633
39613865666162373432336137636336613066323736643961353137643363616462353063313639
34613437396364316236653234396464313963653738363036333734313135613733663237646166
37636165326562633434393330633939623933343337383132313530313435616332303765663039
32383137626139323761653165333666633734663139343533343935663537396436383261623161
64653462313937346536373165613131396466303636383733323761346563636637653465626633
62323637353061613164643866333330333061613034656664663065653233636664303331366332
35666238663437393964
